43.0135466262777,104.57107082022287,10,220
-61.40711030820538,-101.12413080620831,10,220
-70.11147978662363,153.7619086472372,10,220
-66.4455950062155,82.14318819994202,10,220
20.31382626876477,-116.30888056572634,10,220
62.7749927819394,-60.7030547303102,10,220
60.94296743165725,-128.73675020334605,10,220
65.79230719955694,50.116715107786916,10,220
69.76074161421303,-81.68322542800493,10,220
-33.43336280038128,107.88481188735756,10,220
45.45071967997285,87.18941509380568,10,220
-79.64968827914421,101.2350903148618,10,220
-25.29010481298762,153.26251064105298,10,220
80.46587359504363,132.72963656251312,10,220
88.55891406548886,-72.46426553137104,10,220
-23.05856922335093,-145.05513398889622,10,220
2.564613177443306,-85.7387119373608,10,220
-80.71100233436263,-112.93579730021223,10,220
18.021284398251765,-141.99763732251785,10,220
-74.26571888680904,-40.53255470218522,10,220
-30.784274304378428,-90.60526259806306,10,220
51.323769469927555,-21.710805724970356,10,220
-54.67189381274045,-81.33919312546335,10,220
72.75697290461468,-107.56737436153719,10,220
-79.48056722341909,-141.48037922079513,10,220
20.5408581385105,-19.819644317513053,10,220
83.09387569636775,52.50657292135344,10,220
-0.36414513105989954,-46.524575407607045,10,220
81.89368612760686,113.82298530206884,10,220
-48.00433312926065,-138.1456404368025,10,220
-72.83899419731425,169.4593947281233,10,220
10.017808038961803,-16.8264955151742,10,220
-12.06689088441945,31.30849182363221,10,220
51.34360512397703,114.94063094896654,10,220
-69.92538553112527,-143.68455109130628,10,220
-46.22638255478037,137.52211880520906,10,220
2.560834332539983,-124.28811035913384,10,220
86.77168312898667,-22.900851948465743,10,220
78.79764842755921,-47.82395871345594,10,220
-53.560405192203774,-98.22698869110089,10,220
-72.41218156661706,120.587706674669,10,220
76.96225934801606,118.36277705017261,10,220
45.41259773609249,-168.29842923575586,10,220
58.02709245504542,-131.598481769768,10,220
3.385453039193237,138.22311563544662,10,220
-5.569236436010044,-25.40128291224869,10,220
-47.727630593327895,-105.45712373294235,10,220
-65.8602920205408,107.52018881950136,10,220
-65.5820072286075,-98.79798904024726,10,220
-23.11348264300004,-37.43693626241293,10,220
-62.96737802181431,-31.207706543131764,10,220
7.136471869604861,41.62930243295824,10,220
79.76206104763054,-144.11444247725407,10,220
-30.861042898517816,-153.8412871600039,10,220
86.25312990540911,-176.89608675674708,10,220
-40.11200554625293,-13.752890286573376,10,220
61.5121954494127,139.35414072634114,10,220
-3.648468876649531,-74.65506936308947,10,220
4.134648235547559,-178.05297898479745,10,220
-89.73485059662869,-74.0738532627173,10,220
7.5885221523731445,114.45538378069222,10,220
13.791070124773924,38.37306102947554,10,220
64.93717754576349,-11.00400642110938,10,220
17.770697250426522,-38.960099280874886,10,220
-49.91260603930412,102.57562946320598,10,220
13.886393309966934,-74.19356908706267,10,220
-57.07411970653601,136.0731787028397,10,220
-15.728467559152193,33.0206717408887,10,220
16.31723394195417,-46.58731628263965,10,220
24.3013413157216,-36.153774429092294,10,220
47.71493450365776,169.28439661766708,10,220
18.045071944037417,-3.5672301856093327,10,220
-4.544408466893842,-2.0102376580905172,10,220
89.47946365047886,25.949559672382662,10,220
-7.3111223727342605,-157.43266440111978,10,220
-49.0294032248277,-93.5357537276589,10,220
-19.563398610849347,155.6911230530144,10,220
-8.953605198249889,-99.61825937447028,10,220
-65.50833956409134,-39.160714967865744,10,220
54.19616605274126,-175.11545203820768,10,220
61.0109605232127,-154.6195636103027,10,220
18.321084929845583,-99.86099680915662,10,220
-79.87422363388006,-32.38466018736315,10,220
2.610208350984024,94.19512693537268,10,220
50.430195738938465,-124.35267147799551,10,220
17.585233658318728,157.12797694479912,10,220
-57.76451100810378,78.0762738731371,10,220
4.560737476160071,124.44704265732298,10,220
-79.41214388390398,-91.89615523513243,10,220
-34.503372385207065,42.0197174006515,10,220
8.477850176949275,172.09729183943404,10,220
20.147228548226792,-126.08558412714213,10,220
-77.60264150641406,-61.00413594539343,10,220
-44.65528747176531,-15.113587926278882,10,220
47.453293278827175,-168.6902361927017,10,220
-1.4644468352659032,-71.00021647947294,10,220
-28.685323909783683,-73.69345086111653,10,220
-27.229952793660352,-123.57959793137633,10,220
-65.24262318041801,71.8275393437512,10,220
65.0450062060921,-55.424193230231765,10,220
13.230418188442314,-177.29211769522237,10,220
16.423064521094318,34.728947722329735,10,220
-60.84298448529749,106.04067198701591,10,220
50.41613188547751,-67.28609016506041,10,220
22.85474536057602,118.00061562013497,10,220
66.56555526831349,113.99288308893455,10,220
-19.181327392496655,-147.4402486233561,10,220
-59.607568581845996,-54.740332360826685,10,220
-59.430475662878194,52.358177083887995,10,220
-0.06957291058466808,-89.14441606916255,10,220
-71.76523390935692,-34.48875774046434,10,220
63.87058470923424,146.6669924215094,10,220
-21.34817032283135,151.72413315824275,10,220
